MEME version 4

ALPHABET= ACGT

strands: + -

Background letter frequencies
A 0.300 C 0.200 G 0.200 T 0.300

MOTIF 13R
letter-probability matrix: alength= 4 w= 28
0.384	0.180	0.202	0.234
0.391	0.110	0.297	0.202
0.255	0.076	0.528	0.141
0.269	0.071	0.411	0.248
0.747	0.061	0.123	0.070
0.812	0.008	0.134	0.047
0.073	0.020	0.879	0.028
0.109	0.366	0.033	0.492
0.840	0.056	0.068	0.036
0.266	0.242	0.286	0.207
0.000	1.000	0.000	0.000
0.613	0.047	0.000	0.340
0.186	0.332	0.259	0.222
0.377	0.002	0.613	0.008
0.981	0.005	0.014	0.000
0.509	0.289	0.154	0.048
0.123	0.161	0.110	0.606
0.203	0.222	0.304	0.270
0.421	0.202	0.166	0.211
0.398	0.053	0.508	0.042
0.654	0.040	0.205	0.101
0.144	0.090	0.562	0.203
0.163	0.304	0.112	0.421
0.234	0.261	0.177	0.328
0.228	0.452	0.109	0.211
0.244	0.463	0.085	0.208
0.340	0.203	0.134	0.323
0.177	0.275	0.247	0.301
MEME version 4

ALPHABET= ACGT

strands: + -

Background letter frequencies
A 0.300 C 0.200 G 0.200 T 0.300

MOTIF B6
letter-probability matrix: alength= 4 w= 28
0.424	0.280	0.223	0.073
0.528	0.046	0.155	0.271
0.006	0.028	0.915	0.051
0.473	0.240	0.266	0.021
0.461	0.007	0.076	0.455
0.000	0.007	0.990	0.003
0.256	0.423	0.204	0.118
0.028	0.098	0.031	0.842
0.418	0.012	0.525	0.045
0.010	0.912	0.003	0.074
0.025	0.132	0.000	0.842
0.400	0.030	0.500	0.070
0.021	0.652	0.031	0.296
0.082	0.735	0.010	0.173
0.391	0.235	0.080	0.293
0.173	0.234	0.137	0.457
0.249	0.308	0.171	0.272
0.104	0.214	0.134	0.548
0.196	0.150	0.231	0.423
0.342	0.171	0.238	0.249
0.341	0.131	0.213	0.315
0.185	0.246	0.180	0.390
0.344	0.182	0.223	0.251
0.241	0.138	0.298	0.323
0.104	0.146	0.225	0.525
0.103	0.131	0.122	0.644
0.158	0.302	0.135	0.405
0.238	0.414	0.086	0.262
MEME version 4

ALPHABET= ACGT

strands: + -

Background letter frequencies
A 0.300 C 0.200 G 0.200 T 0.300

MOTIF C3H
letter-probability matrix: alength= 4 w= 28
0.579	0.144	0.146	0.131
0.603	0.183	0.085	0.129
0.349	0.270	0.142	0.238
0.248	0.190	0.187	0.375
0.296	0.190	0.274	0.240
0.342	0.233	0.161	0.264
0.307	0.185	0.170	0.338
0.405	0.200	0.190	0.205
0.296	0.194	0.179	0.331
0.231	0.213	0.159	0.397
0.425	0.233	0.153	0.189
0.556	0.104	0.214	0.126
0.261	0.152	0.323	0.264
0.445	0.120	0.250	0.185
0.266	0.105	0.226	0.403
0.161	0.000	0.736	0.104
0.285	0.043	0.640	0.033
0.054	0.571	0.009	0.366
0.874	0.000	0.102	0.024
0.067	0.011	0.921	0.002
0.039	0.501	0.013	0.447
0.852	0.000	0.092	0.055
0.100	0.196	0.484	0.220
0.000	1.000	0.000	0.000
0.447	0.068	0.004	0.481
0.052	0.205	0.205	0.538
0.011	0.935	0.020	0.033
0.294	0.176	0.000	0.530
MEME version 4

ALPHABET= ACGT

strands: + -

Background letter frequencies
A 0.300 C 0.200 G 0.200 T 0.300

MOTIF CAST
letter-probability matrix: alength= 4 w= 28
0.315	0.188	0.278	0.219
0.362	0.115	0.344	0.179
0.249	0.112	0.448	0.191
0.688	0.073	0.149	0.090
0.611	0.125	0.169	0.095
0.477	0.200	0.131	0.192
0.483	0.038	0.426	0.054
0.102	0.025	0.759	0.114
0.127	0.103	0.353	0.417
0.004	0.875	0.006	0.115
0.934	0.031	0.001	0.034
0.465	0.453	0.026	0.055
0.806	0.045	0.146	0.003
0.101	0.071	0.545	0.283
0.149	0.259	0.283	0.309
0.121	0.598	0.009	0.273
0.259	0.690	0.004	0.047
0.512	0.357	0.022	0.109
0.694	0.038	0.222	0.047
0.095	0.089	0.650	0.166
0.086	0.289	0.188	0.437
0.039	0.937	0.012	0.012
0.574	0.082	0.000	0.344
0.214	0.469	0.208	0.108
0.214	0.286	0.083	0.417
0.392	0.178	0.274	0.156
0.313	0.306	0.200	0.181
0.431	0.150	0.162	0.257
MEME version 4

ALPHABET= ACGT

strands: + -

Background letter frequencies
A 0.300 C 0.200 G 0.200 T 0.300

MOTIF MOL
letter-probability matrix: alength= 4 w= 36
0.320	0.169	0.305	0.206
0.307	0.165	0.330	0.198
0.497	0.130	0.241	0.132
0.493	0.192	0.214	0.101
0.493	0.138	0.204	0.165
0.336	0.068	0.375	0.221
0.190	0.054	0.616	0.140
0.336	0.082	0.466	0.115
0.594	0.223	0.138	0.045
0.920	0.029	0.025	0.027
0.507	0.208	0.241	0.043
0.186	0.120	0.142	0.553
0.179	0.064	0.623	0.134
0.447	0.173	0.266	0.113
0.276	0.462	0.039	0.223
0.264	0.590	0.072	0.074
0.546	0.369	0.029	0.056
0.829	0.004	0.120	0.047
0.091	0.072	0.660	0.177
0.122	0.198	0.202	0.478
0.027	0.959	0.000	0.014
0.660	0.052	0.000	0.289
0.167	0.546	0.202	0.085
0.287	0.179	0.074	0.460
0.216	0.254	0.351	0.179
0.503	0.276	0.103	0.118
0.588	0.037	0.175	0.200
0.169	0.157	0.507	0.167
0.173	0.285	0.202	0.340
0.159	0.645	0.064	0.132
0.336	0.101	0.157	0.406
0.122	0.159	0.495	0.225
0.198	0.278	0.109	0.414
0.309	0.225	0.221	0.245
0.247	0.287	0.161	0.305
0.245	0.324	0.159	0.272
MEME version 4

ALPHABET= ACGT

strands: + -

Background letter frequencies
A 0.300 C 0.200 G 0.200 T 0.300

MOTIF PWD
letter-probability matrix: alength= 4 w= 28
0.418	0.102	0.253	0.227
0.247	0.553	0.122	0.079
0.411	0.115	0.076	0.398
0.089	0.030	0.753	0.128
0.359	0.230	0.283	0.128
0.201	0.553	0.086	0.161
0.155	0.168	0.013	0.664
0.095	0.155	0.312	0.438
0.201	0.339	0.247	0.214
0.454	0.069	0.217	0.260
0.046	0.155	0.622	0.178
0.217	0.000	0.016	0.766
0.000	0.000	1.000	0.000
0.480	0.253	0.194	0.072
0.158	0.730	0.033	0.079
0.033	0.184	0.020	0.763
0.076	0.026	0.319	0.579
0.092	0.000	0.691	0.217
0.191	0.023	0.625	0.161
0.326	0.227	0.188	0.260
0.174	0.658	0.082	0.086
0.122	0.168	0.007	0.704
0.086	0.125	0.312	0.477
0.112	0.020	0.194	0.674
0.332	0.118	0.516	0.033
0.082	0.513	0.079	0.326
0.141	0.533	0.062	0.263
0.240	0.273	0.138	0.349
