MEME version 4

ALPHABET= ACGT

strands: + -

Background letter frequencies
A 0.300 C 0.200 G 0.200 T 0.300

MOTIF 1
letter-probability matrix: alength= 4 w= 28
0.579	0.144	0.146	0.131
0.603	0.183	0.085	0.129
0.349	0.270	0.142	0.238
0.248	0.190	0.187	0.375
0.296	0.190	0.274	0.240
0.342	0.233	0.161	0.264
0.307	0.185	0.170	0.338
0.405	0.200	0.190	0.205
0.296	0.194	0.179	0.331
0.231	0.213	0.159	0.397
0.425	0.233	0.153	0.189
0.556	0.104	0.214	0.126
0.261	0.152	0.323	0.264
0.445	0.120	0.250	0.185
0.266	0.105	0.226	0.403
0.161	0.000	0.736	0.104
0.285	0.043	0.640	0.033
0.054	0.571	0.009	0.366
0.874	0.000	0.102	0.024
0.067	0.011	0.921	0.002
0.039	0.501	0.013	0.447
0.852	0.000	0.092	0.055
0.100	0.196	0.484	0.220
0.000	1.000	0.000	0.000
0.447	0.068	0.004	0.481
0.052	0.205	0.205	0.538
0.011	0.935	0.020	0.033
0.294	0.176	0.000	0.530
