MEME version 4

ALPHABET= ACGT

strands: + -

Background letter frequencies
A 0.300 C 0.200 G 0.200 T 0.300

MOTIF 1
letter-probability matrix: alength= 4 w= 36
0.320	0.169	0.305	0.206
0.307	0.165	0.330	0.198
0.497	0.130	0.241	0.132
0.493	0.192	0.214	0.101
0.493	0.138	0.204	0.165
0.336	0.068	0.375	0.221
0.190	0.054	0.616	0.140
0.336	0.082	0.466	0.115
0.594	0.223	0.138	0.045
0.920	0.029	0.025	0.027
0.507	0.208	0.241	0.043
0.186	0.120	0.142	0.553
0.179	0.064	0.623	0.134
0.447	0.173	0.266	0.113
0.276	0.462	0.039	0.223
0.264	0.590	0.072	0.074
0.546	0.369	0.029	0.056
0.829	0.004	0.120	0.047
0.091	0.072	0.660	0.177
0.122	0.198	0.202	0.478
0.027	0.959	0.000	0.014
0.660	0.052	0.000	0.289
0.167	0.546	0.202	0.085
0.287	0.179	0.074	0.460
0.216	0.254	0.351	0.179
0.503	0.276	0.103	0.118
0.588	0.037	0.175	0.200
0.169	0.157	0.507	0.167
0.173	0.285	0.202	0.340
0.159	0.645	0.064	0.132
0.336	0.101	0.157	0.406
0.122	0.159	0.495	0.225
0.198	0.278	0.109	0.414
0.309	0.225	0.221	0.245
0.247	0.287	0.161	0.305
0.245	0.324	0.159	0.272
