# universalmotif version 1.8.3

---
name: RGDVASRCTMASDGGGG
alphabet: DNA
type: PPM
icscore: 12.25
pseudocount: 1.0
bkg:
  A: 0.265
  C: 0.235
  G: 0.235
  T: 0.265
consensus: CCCCNNTNAGYSTNNCY
strand: +-
motif:
- 1.103e-02 9.332e-01 1.937e-02 3.637e-02
- 8.950e-04 9.923e-01 7.940e-04 5.962e-03
- 1.111e-01 6.938e-01 2.881e-03 1.922e-01
- 2.499e-02 8.779e-01 4.570e-03 9.256e-02
- 3.628e-01 2.326e-01 1.144e-01 2.902e-01
- 1.606e-01 2.313e-01 4.560e-01 1.521e-01
- 3.726e-02 1.925e-01 1.654e-01 6.048e-01
- 2.125e-01 4.849e-02 4.353e-01 3.037e-01
- 6.196e-01 8.058e-02 2.039e-01 9.594e-02
- 1.736e-01 1.228e-01 5.367e-01 1.669e-01
- 3.031e-03 4.809e-01 2.315e-02 4.929e-01
- 4.864e-02 4.319e-01 4.978e-01 2.161e-02
- 2.837e-02 1.600e-01 1.977e-02 7.919e-01
- 6.722e-02 2.292e-01 2.732e-01 4.304e-01
- 3.611e-01 3.036e-01 1.245e-01 2.108e-01
- 6.410e-03 8.627e-01 4.570e-03 1.263e-01
- 3.006e-02 6.380e-01 7.948e-03 3.240e-01

