# universalmotif version 1.8.3

---
name: DGKSCCTCCYTKNCCMCCWGS
alphabet: DNA
type: PPM
icscore: 13.26
pseudocount: 1.0
bkg:
  A: 0.241
  C: 0.259
  G: 0.259
  T: 0.241
consensus: NNKSCCTCCYTKBCCMCCWGS
strand: +-
motif:
- 3.368e-01 1.662e-01 2.455e-01 2.515e-01
- 2.210e-01 2.150e-01 4.589e-01 1.051e-01
- 1.037e-01 1.159e-01 4.207e-01 3.598e-01
- 1.220e-01 4.695e-01 3.110e-01 9.756e-02
- 0.000e+00 7.744e-01 6.098e-03 2.195e-01
- 0.000e+00 9.512e-01 6.098e-03 4.268e-02
- 1.220e-01 1.463e-01 2.439e-02 7.073e-01
- 0.000e+00 8.110e-01 1.341e-01 5.488e-02
- 0.000e+00 7.805e-01 0.000e+00 2.195e-01
- 3.049e-02 5.549e-01 1.159e-01 2.988e-01
- 3.658e-02 2.012e-01 3.658e-02 7.256e-01
- 6.098e-02 1.707e-01 5.000e-01 2.683e-01
- 1.524e-01 2.805e-01 2.622e-01 3.049e-01
- 1.829e-02 8.049e-01 0.000e+00 1.768e-01
- 3.658e-02 7.439e-01 4.268e-02 1.768e-01
- 2.622e-01 5.122e-01 6.098e-03 2.195e-01
- 4.268e-02 7.134e-01 3.658e-02 2.073e-01
- 6.098e-02 7.561e-01 4.268e-02 1.402e-01
- 3.232e-01 1.463e-01 1.829e-02 5.122e-01
- 1.098e-01 1.159e-01 5.732e-01 2.012e-01
- 7.317e-02 3.415e-01 4.146e-01 1.707e-01

