# universalmotif version 1.8.3

---
name: GGRGGCHGRGGNRGGVRRRDBRV
alphabet: DNA
type: PPM
icscore: 13.71
pseudocount: 1.0
bkg:
  A: 0.251
  C: 0.249
  G: 0.249
  T: 0.251
consensus: NNNNYYNBCCYNCCYYNGCCYCC
strand: +-
motif:
- 1.168e-01 3.116e-01 2.083e-01 3.633e-01
- 9.507e-02 4.002e-01 1.702e-01 3.345e-01
- 2.353e-01 3.832e-01 2.025e-01 1.790e-01
- 2.025e-01 2.964e-01 1.203e-01 3.809e-01
- 6.162e-02 3.762e-01 1.579e-01 4.043e-01
- 1.649e-01 4.771e-01 4.988e-02 3.081e-01
- 8.744e-02 2.846e-01 1.884e-01 4.396e-01
- 7.571e-02 3.785e-01 2.565e-01 2.893e-01
- 4.988e-02 7.705e-01 1.702e-02 1.626e-01
- 4.225e-02 8.568e-01 0.000e+00 1.009e-01
- 3.345e-02 5.687e-01 1.702e-02 3.809e-01
- 1.626e-01 2.987e-01 2.142e-01 3.245e-01
- 1.232e-02 8.856e-01 9.975e-03 9.214e-02
- 1.232e-02 8.316e-01 5.280e-03 1.508e-01
- 9.214e-02 3.597e-01 3.580e-02 5.123e-01
- 2.876e-02 6.250e-01 5.458e-02 2.917e-01
- 3.527e-01 1.250e-01 2.471e-01 2.752e-01
- 1.086e-01 2.424e-01 5.264e-01 1.227e-01
- 7.042e-03 8.873e-01 1.174e-02 9.390e-02
- 3.286e-02 9.061e-01 7.042e-03 5.399e-02
- 1.714e-01 2.958e-01 1.174e-02 5.211e-01
- 1.643e-02 7.770e-01 4.225e-02 1.643e-01
- 4.225e-02 8.146e-01 2.582e-02 1.174e-01

