# universalmotif version 1.8.3

---
name: GGKMAGGGAGGBMHW
alphabet: DNA
type: PPM
icscore: 11.95
pseudocount: 1.0
bkg:
  A: 0.273
  C: 0.227
  G: 0.227
  T: 0.273
consensus: NNNVCCTCCCTKNCC
strand: +-
motif:
- 3.896e-01 1.213e-01 1.780e-01 3.112e-01
- 2.305e-01 1.605e-01 4.024e-01 2.066e-01
- 8.735e-02 1.697e-01 4.573e-01 2.856e-01
- 3.052e-01 3.070e-01 2.830e-01 1.048e-01
- 1.190e-03 9.226e-01 3.167e-03 7.309e-02
- 4.953e-03 9.831e-01 2.673e-03 9.310e-03
- 1.575e-01 1.944e-01 2.010e-02 6.280e-01
- 7.131e-03 9.351e-01 3.100e-02 2.674e-02
- 2.774e-03 8.632e-01 4.940e-04 1.335e-01
- 4.417e-02 6.628e-01 1.334e-01 1.596e-01
- 6.595e-02 1.835e-01 4.851e-03 7.457e-01
- 1.335e-01 8.110e-02 4.689e-01 3.165e-01
- 2.436e-01 4.111e-01 1.736e-01 1.717e-01
- 1.387e-02 9.458e-01 6.828e-03 3.348e-02
- 6.398e-02 7.476e-01 4.649e-03 1.838e-01

