# universalmotif version 1.8.3

---
name: TNNGWCCCCWGTRAGYSTBMC
alphabet: DNA
type: PPM
icscore: 12.81
pseudocount: 1.0
bkg:
  A: 0.252
  C: 0.248
  G: 0.248
  T: 0.252
consensus: NNNNNCCCCNGTNAGYSTNNC
strand: +-
motif:
- 1.235e-01 2.098e-01 2.074e-01 4.592e-01
- 2.602e-01 1.834e-01 2.338e-01 3.226e-01
- 2.410e-01 1.810e-01 2.386e-01 3.393e-01
- 1.487e-01 1.799e-01 4.820e-01 1.894e-01
- 4.341e-01 1.727e-01 1.391e-01 2.542e-01
- 2.398e-03 9.496e-01 4.796e-03 4.317e-02
- 7.194e-03 9.904e-01 0.000e+00 2.398e-03
- 1.367e-01 7.026e-01 7.194e-03 1.535e-01
- 2.638e-02 8.465e-01 0.000e+00 1.271e-01
- 4.365e-01 1.583e-01 1.703e-01 2.350e-01
- 1.439e-01 2.158e-01 5.228e-01 1.175e-01
- 1.439e-02 2.254e-01 1.679e-01 5.923e-01
- 2.470e-01 2.638e-02 4.892e-01 2.374e-01
- 7.026e-01 0.000e+00 1.847e-01 1.127e-01
- 1.295e-01 4.796e-02 7.050e-01 1.175e-01
- 2.398e-03 5.012e-01 7.194e-03 4.892e-01
- 5.516e-02 4.077e-01 4.988e-01 3.837e-02
- 4.796e-02 1.199e-01 4.317e-02 7.890e-01
- 8.393e-02 2.494e-01 3.453e-01 3.213e-01
- 3.555e-01 3.699e-01 1.205e-01 1.541e-01
- 3.003e-03 8.303e-01 2.992e-03 1.637e-01

